:date 11212020-19:21:34.000
:fixed_data
0 0 0 0 sd_sd1
:
:vdbench503_vdbench_data_for_swat303
:date 11212020-19:21:34.000 11212020-19:21:35.000
0 0 64 0 169058 0 512 0 7783 7783 0 0 0 0
:
:vdbench503_vdbench_data_for_swat303
:date 11212020-19:21:35.000 11212020-19:21:36.000
0 0 104 0 300777 0 832 0 12653 12653 0 0 0 0
:
:vdbench503_vdbench_data_for_swat303
:date 11212020-19:21:36.000 11212020-19:21:37.000
0 0 100 0 338903 0 800 0 11146 11146 0 0 0 0
:
:vdbench503_vdbench_data_for_swat303
:date 11212020-19:21:37.000 11212020-19:21:38.000
0 0 106 0 419969 0 848 0 9467 9467 0 0 0 0
:
:vdbench503_vdbench_data_for_swat303
:date 11212020-19:21:38.000 11212020-19:21:39.000
0 0 96 0 360269 0 768 0 12814 12814 0 0 0 0
:
:vdbench503_vdbench_data_for_swat303
:date 11212020-19:21:39.000 11212020-19:21:40.000
0 0 99 0 255143 0 792 0 12259 12259 0 0 0 0
:
:vdbench503_vdbench_data_for_swat303
:date 11212020-19:21:40.000 11212020-19:21:41.000
0 0 117 0 335909 0 936 0 12334 12334 0 0 0 0
:
:vdbench503_vdbench_data_for_swat303
:date 11212020-19:21:41.000 11212020-19:21:42.000
0 0 116 0 338648 0 928 0 9842 9842 0 0 0 0
:
:vdbench503_vdbench_data_for_swat303
:date 11212020-19:21:42.000 11212020-19:21:43.000
0 0 109 0 308284 0 872 0 10357 10357 0 0 0 0
:
:vdbench503_vdbench_data_for_swat303
:date 11212020-19:21:43.000 11212020-19:21:44.000
0 0 102 0 256835 0 816 0 7582 7582 0 0 0 0
