:date 11212020-19:21:56.000
:fixed_data
0 0 0 0 sd_sd1
:
:vdbench503_vdbench_data_for_swat303
:date 11212020-19:21:56.000 11212020-19:21:57.000
0 0 97 0 15243 0 776 0 800 800 0 0 0 0
:
:vdbench503_vdbench_data_for_swat303
:date 11212020-19:21:57.000 11212020-19:21:58.000
0 0 87 0 15815 0 696 0 1888 1888 0 0 0 0
:
:vdbench503_vdbench_data_for_swat303
:date 11212020-19:21:58.000 11212020-19:21:59.000
0 0 87 0 17658 0 696 0 2760 2760 0 0 0 0
:
:vdbench503_vdbench_data_for_swat303
:date 11212020-19:21:59.000 11212020-19:22:00.000
0 0 103 0 10676 0 824 0 601 601 0 0 0 0
:
:vdbench503_vdbench_data_for_swat303
:date 11212020-19:22:00.000 11212020-19:22:01.000
0 0 105 0 11982 0 840 0 480 480 0 0 0 0
:
:vdbench503_vdbench_data_for_swat303
:date 11212020-19:22:01.000 11212020-19:22:02.000
0 0 88 0 21725 0 704 0 3265 3265 0 0 0 0
:
:vdbench503_vdbench_data_for_swat303
:date 11212020-19:22:02.000 11212020-19:22:03.000
0 0 111 0 8891 0 888 0 421 421 0 0 0 0
:
:vdbench503_vdbench_data_for_swat303
:date 11212020-19:22:03.000 11212020-19:22:04.000
0 0 86 0 14772 0 688 0 1409 1409 0 0 0 0
:
:vdbench503_vdbench_data_for_swat303
:date 11212020-19:22:04.000 11212020-19:22:05.000
0 0 114 0 12296 0 912 0 880 880 0 0 0 0
:
:vdbench503_vdbench_data_for_swat303
:date 11212020-19:22:05.000 11212020-19:22:06.000
0 0 95 0 22313 0 760 0 3883 3883 0 0 0 0
