:date 11212020-19:22:16.000
:fixed_data
0 0 0 0 sd_sd1
:
:vdbench503_vdbench_data_for_swat303
:date 11212020-19:22:16.000 11212020-19:22:17.000
0 0 119 0 104259 0 952 0 5411 5411 0 0 0 0
:
:vdbench503_vdbench_data_for_swat303
:date 11212020-19:22:17.000 11212020-19:22:18.000
0 0 87 0 90669 0 696 0 5706 5706 0 0 0 0
:
:vdbench503_vdbench_data_for_swat303
:date 11212020-19:22:18.000 11212020-19:22:19.000
0 0 88 0 81105 0 704 0 3633 3633 0 0 0 0
:
:vdbench503_vdbench_data_for_swat303
:date 11212020-19:22:19.000 11212020-19:22:20.000
0 0 109 0 90403 0 872 0 4838 4838 0 0 0 0
:
:vdbench503_vdbench_data_for_swat303
:date 11212020-19:22:20.000 11212020-19:22:21.000
0 0 107 0 91673 0 856 0 6622 6622 0 0 0 0
:
:vdbench503_vdbench_data_for_swat303
:date 11212020-19:22:21.000 11212020-19:22:22.000
0 0 97 0 68699 0 776 0 4147 4147 0 0 0 0
:
:vdbench503_vdbench_data_for_swat303
:date 11212020-19:22:22.000 11212020-19:22:23.000
0 0 98 0 65644 0 784 0 3464 3464 0 0 0 0
:
:vdbench503_vdbench_data_for_swat303
:date 11212020-19:22:23.000 11212020-19:22:24.000
0 0 100 0 78260 0 800 0 3912 3912 0 0 0 0
:
:vdbench503_vdbench_data_for_swat303
:date 11212020-19:22:24.000 11212020-19:22:25.000
0 0 81 0 57632 0 648 0 2666 2666 0 0 0 0
:
:vdbench503_vdbench_data_for_swat303
:date 11212020-19:22:25.000 11212020-19:22:26.000
0 0 97 0 98733 0 776 0 7924 7924 0 0 0 0
